0,511
0,510
57,2
83,5
83,4
83,3
83,2
83,1
83,0
82,4
82,3
82,2
82,1
82,0
81,3
81,2
81,1
81,0
80,4
80,3
80,2
0,9
80,1
80,0
57,1
57,3
79,52
79,51
79,50
79,49
79,48
79,47
79,46
79,45
79,44
79,43
79,42
79,41
79,40
79,39
79,38
79,37
79,36
79,35
0,273
0,270
10,209
10,168
10,75
10,72
10,142
10,116
10,150
10,214
11,17
11,9
11,6
11,14
9,5
8,9
8,14
8,4
8,11
77,5
77,4
77,3
77,2
77,1
77,0
74,4
74,3
74,2
74,1
74,0
72,3
72,2
72,1
72,0
71,4
71,3
71,2
71,1
71,0
70,6
70,5
70,4
70,3
70,2
70,1
70,0
20,3
20,2
20,1
19,3
19,2
19,1
18,1
12,3
12,2
12,1
18,3
11,27
11,24
11,23
14,1
11,20
14,3
11,18
13,1
13,3
11,15
11,11
11,3
11,2
11,1
